600 6000
0 552 150
0 78 136
0 231 176
0 354 110
0 515 107
0 221 157
0 454 171
0 406 198
0 323 111
0 414 167
0 81 115
0 537 136
0 493 177
0 407 101
0 70 198
0 261 199
0 333 124
0 328 198
0 595 158
1 530 159
1 18 116
1 82 191
1 248 119
1 326 120
1 355 180
1 175 101
1 55 120
1 90 111
1 541 119
1 580 138
1 86 125
1 100 195
1 40 109
1 430 146
1 404 104
1 393 110
1 327 106
1 297 161
1 210 124
1 417 184
2 262 157
2 498 128
2 138 167
2 80 163
2 312 173
2 182 108
2 263 115
2 153 170
2 193 105
2 311 127
2 358 132
2 592 111
2 104 163
2 287 144
2 251 191
2 223 121
2 92 104
2 78 199
2 482 185
2 489 138
2 242 142
2 531 132
3 377 192
3 530 179
3 93 148
3 519 178
3 236 114
3 233 160
3 31 147
3 112 184
3 414 135
3 214 145
3 302 102
3 455 120
3 383 119
3 84 143
3 33 174
3 449 165
3 555 122
3 476 185
3 272 178
3 247 154
3 143 129
4 143 176
4 306 189
4 370 113
4 539 170
4 403 159
4 544 160
4 582 138
4 36 194
4 286 125
4 559 150
4 235 164
4 364 100
4 440 192
4 92 140
4 63 117
4 411 131
4 337 140
4 481 143
4 100 179
5 438 104
5 263 134
5 236 178
5 259 176
5 522 114
5 237 110
5 434 140
5 479 180
5 225 187
5 587 162
5 174 193
5 324 166
5 84 168
5 132 187
5 397 113
5 347 167
5 372 166
5 433 144
5 153 114
5 511 155
5 219 184
5 461 117
5 529 105
6 403 143
6 214 151
6 85 173
6 173 135
6 316 113
6 169 146
6 230 130
6 496 164
6 412 177
6 79 163
6 343 142
6 311 125
6 379 176
6 584 110
6 104 165
6 338 101
6 14 198
6 197 165
6 144 196
6 40 125
6 108 179
6 521 137
6 350 152
6 391 169
6 475 123
6 557 144
6 448 171
6 213 189
6 513 147
6 491 108
6 276 108
6 289 116
6 50 167
6 237 187
6 101 140
6 359 179
6 304 173
6 91 137
7 36 141
7 182 126
7 59 182
7 580 183
7 591 195
7 309 179
7 392 163
7 231 137
7 153 139
7 511 129
7 193 141
7 221 106
7 336 139
7 298 145
7 209 148
7 565 189
7 454 176
7 554 179
7 278 117
7 593 141
7 535 130
8 263 125
8 170 122
8 256 175
8 495 156
8 352 193
8 556 177
8 154 187
8 578 156
8 32 153
8 426 128
8 55 154
8 365 127
8 489 179
8 182 132
8 217 118
8 545 105
8 81 169
8 325 128
8 378 107
9 196 110
9 200 130
9 85 148
9 146 179
9 421 176
9 151 175
9 442 183
9 229 147
9 562 116
9 464 143
9 351 147
9 512 164
9 185 190
9 198 182
9 320 157
9 28 196
9 276 103
9 539 163
9 91 197
9 331 198
9 389 142
9 16 167
9 12 200
9 546 176
9 234 157
9 475 162
10 139 125
10 395 172
10 240 107
10 345 182
10 13 115
10 363 107
10 116 186
10 99 199
10 443 195
10 64 101
10 259 166
10 325 142
10 320 194
10 348 131
10 564 140
10 256 143
10 142 144
10 193 200
10 545 175
10 228 196
10 477 132
10 51 186
10 400 123
10 445 143
10 217 183
10 337 197
10 112 100
10 430 137
10 594 140
11 36 180
11 40 145
11 583 150
11 121 176
11 132 193
11 225 189
11 563 170
11 488 158
11 266 160
11 82 172
11 569 158
11 492 160
11 520 159
11 206 144
11 426 111
11 597 152
11 17 164
11 316 162
11 115 185
11 389 194
11 594 141
11 297 130
12 522 185
12 351 180
12 189 191
12 269 177
12 232 167
12 336 199
12 104 154
12 174 149
12 508 145
12 217 162
12 74 160
12 289 194
12 29 100
12 82 134
12 543 113
12 226 135
12 502 194
12 313 141
13 514 146
13 555 144
13 456 135
13 306 200
13 419 117
13 92 118
13 484 128
13 333 199
13 462 107
13 129 154
13 51 103
13 398 136
13 257 166
13 211 141
13 204 174
13 549 168
14 66 152
14 526 163
14 73 176
14 317 192
14 582 161
14 324 125
14 365 116
14 509 122
14 174 195
14 51 160
14 279 121
14 594 117
14 512 102
14 228 164
14 562 196
14 282 142
14 403 148
14 353 149
14 158 196
14 554 140
15 114 136
15 163 122
15 438 153
15 421 188
15 302 111
15 201 151
15 589 196
15 577 180
15 150 107
15 580 167
15 299 135
15 135 176
15 189 109
15 210 159
15 33 174
15 132 149
15 388 165
16 25 126
16 176 137
16 35 161
16 311 124
16 561 129
16 542 185
16 410 133
16 18 136
16 442 173
16 233 144
16 101 176
16 552 170
16 562 198
16 308 125
16 587 157
16 284 130
16 563 162
16 500 164
16 517 101
16 67 134
16 389 173
16 409 107
16 210 143
17 24 124
17 585 120
17 599 140
17 338 108
17 128 190
17 162 109
17 184 173
17 294 198
17 73 160
17 134 101
17 93 169
17 83 106
17 257 114
17 201 189
17 155 128
17 92 138
18 367 110
18 323 118
18 422 172
18 299 165
18 33 177
18 366 179
18 48 101
18 544 177
18 151 167
18 195 144
18 425 145
18 265 166
18 482 199
18 318 172
18 282 144
18 154 172
18 90 158
18 194 130
18 67 144
18 302 154
18 279 193
19 539 196
19 457 106
19 438 118
19 511 179
19 530 115
19 477 190
19 497 106
19 24 134
19 204 175
19 29 140
19 287 168
19 412 162
19 406 169
20 140 167
20 318 132
20 201 100
20 281 198
20 542 172
20 503 120
20 271 197
20 146 174
20 426 163
20 518 139
20 268 128
20 200 111
20 547 156
20 489 106
20 357 171
20 379 196
20 276 109
20 283 130
20 298 195
20 531 108
20 174 184
20 330 139
21 309 194
21 167 151
21 95 141
21 482 167
21 190 131
21 269 150
21 593 146
21 475 130
21 29 149
21 162 142
21 37 181
21 311 193
21 556 133
21 357 182
21 354 200
21 215 172
22 369 172
22 237 156
22 40 195
22 422 158
22 472 156
22 120 132
22 499 170
22 144 179
22 187 134
22 385 175
22 38 105
23 476 191
23 161 198
23 207 120
23 516 167
23 230 108
23 304 186
23 66 155
23 514 144
23 446 130
23 59 147
23 255 165
23 432 169
23 482 168
23 395 195
23 394 156
23 388 184
23 191 158
24 444 137
24 66 152
24 103 102
24 179 130
24 40 178
24 383 150
24 177 174
24 62 170
24 173 128
24 51 163
24 552 110
24 402 185
24 387 184
24 312 111
24 321 109
25 236 140
25 310 193
25 367 131
25 517 100
25 63 140
25 199 167
25 50 157
25 84 184
25 303 174
25 526 172
25 496 183
25 93 103
25 91 154
25 233 128
25 339 198
26 99 120
26 539 148
26 258 159
26 134 123
26 352 110
26 159 199
26 545 184
26 66 111
26 456 195
26 547 150
26 451 164
26 122 119
26 412 123
26 329 172
26 103 180
26 288 103
26 220 115
27 464 163
27 170 161
27 536 169
27 355 155
27 218 148
27 225 150
27 84 141
27 114 146
27 594 106
27 422 191
27 481 161
27 216 182
27 384 181
27 247 143
27 286 186
27 248 137
27 289 111
27 583 107
28 249 148
28 87 165
28 489 147
28 323 192
28 542 167
28 109 148
28 570 137
28 367 184
28 344 133
28 166 159
28 433 122
28 227 155
28 200 150
28 515 192
28 414 104
28 243 164
28 541 111
28 171 129
28 482 126
28 193 174
28 466 151
28 60 181
29 262 129
29 84 114
29 232 138
29 154 160
29 405 164
29 366 144
29 115 133
29 432 141
29 597 172
29 517 198
29 373 131
29 364 109
29 255 133
29 271 105
29 196 148
29 227 144
29 332 121
29 540 136
29 333 139
29 213 181
29 572 187
30 242 172
30 457 133
30 115 185
30 594 127
30 152 122
30 98 172
30 165 195
30 236 179
30 478 159
30 339 101
30 469 194
30 299 158
30 225 154
30 598 186
30 559 176
30 138 121
30 519 117
31 510 194
31 156 107
31 239 135
31 142 197
31 234 176
31 119 128
31 215 180
31 180 140
31 524 186
31 556 160
31 299 187
31 429 143
31 296 112
31 177 171
32 559 152
32 440 141
32 163 159
32 261 189
32 208 141
32 259 188
32 240 175
32 483 133
32 359 143
32 350 180
32 200 177
32 282 147
32 252 140
32 532 160
32 80 106
32 169 153
33 371 176
33 96 186
33 534 137
33 125 182
33 167 158
33 242 188
33 318 107
33 533 113
33 327 161
33 530 168
33 196 144
33 525 106
33 469 171
33 261 120
33 111 109
33 511 134
33 518 144
33 309 126
33 491 176
33 284 131
33 98 141
34 561 108
34 559 162
34 242 100
34 139 153
34 308 174
34 176 184
34 99 161
34 452 183
34 266 145
34 355 175
34 591 187
34 344 198
34 135 135
34 539 142
34 437 187
34 267 112
34 453 154
34 119 106
35 259 160
35 467 123
35 285 102
35 409 199
35 471 143
35 55 138
35 81 182
35 232 179
35 74 119
35 69 100
35 76 164
35 500 130
35 131 123
35 478 100
35 510 195
35 594 101
35 490 166
35 214 171
35 289 186
35 536 133
35 459 147
35 216 114
36 407 165
36 582 132
36 96 129
36 344 130
36 249 144
36 384 166
36 374 163
36 64 129
36 306 165
36 316 157
36 497 187
36 362 140
36 382 174
36 437 196
36 145 156
36 183 142
36 347 159
36 90 185
36 70 176
36 508 155
37 76 115
37 118 166
37 383 125
37 443 181
37 271 128
37 81 149
37 552 123
37 571 116
37 532 153
37 70 149
37 126 188
37 42 112
37 342 193
37 108 173
37 172 176
37 527 150
37 216 118
37 180 187
38 408 167
38 89 156
38 589 155
38 191 111
38 267 160
38 508 196
38 356 135
38 465 168
38 368 168
38 122 171
38 288 143
38 242 184
38 577 151
38 229 196
38 337 135
38 221 108
38 182 173
38 361 113
38 60 122
39 453 176
39 263 181
39 234 163
39 559 185
39 195 141
39 478 165
39 83 177
39 156 137
39 540 185
39 88 155
39 536 174
39 565 128
39 457 178
39 347 118
39 67 149
39 158 181
39 451 173
39 343 181
39 278 195
39 576 164
39 82 136
39 422 186
40 422 186
40 238 128
40 147 119
40 140 170
40 169 113
40 297 120
40 415 172
40 174 187
40 477 165
40 399 142
40 119 164
40 549 191
40 499 192
40 254 156
40 518 108
40 219 148
40 47 129
40 143 141
40 398 154
40 108 148
40 573 191
41 591 186
41 154 126
41 317 114
41 205 141
41 293 188
41 50 140
41 381 115
41 579 140
41 64 154
41 57 140
41 108 125
41 171 199
41 141 110
41 540 120
41 479 147
42 270 184
42 285 198
42 506 113
42 209 177
42 82 186
42 86 137
42 488 179
42 330 103
42 509 191
42 521 179
42 252 140
42 578 158
42 346 111
42 356 138
42 288 179
42 570 124
42 140 198
42 435 124
42 569 123
42 503 159
43 511 188
43 581 166
43 124 195
43 371 184
43 214 195
43 228 133
43 415 174
43 567 137
43 486 194
43 251 192
43 218 152
43 483 172
43 112 189
43 401 144
43 230 113
43 63 177
43 309 153
43 420 145
43 380 119
44 351 181
44 540 116
44 381 192
44 529 120
44 515 106
44 45 196
44 435 101
44 430 115
44 61 173
44 523 200
44 590 134
44 562 118
44 505 198
44 427 144
44 67 152
44 563 125
44 205 147
44 370 148
44 502 175
44 394 131
44 577 158
44 163 131
44 217 171
44 143 114
44 288 107
44 343 106
44 440 112
44 133 139
44 508 191
45 192 142
45 387 184
45 177 167
45 370 197
45 406 145
45 209 183
45 290 162
45 555 129
45 596 119
45 418 185
45 408 147
45 175 143
45 477 137
45 215 115
45 577 189
45 497 176
46 205 118
46 260 193
46 389 161
46 71 183
46 230 173
46 127 184
46 561 140
46 81 192
46 434 187
46 488 114
46 420 127
46 250 122
46 416 153
46 478 193
46 573 164
46 119 153
46 111 130
46 181 121
46 133 129
46 418 116
46 365 117
47 449 152
47 460 184
47 112 135
47 566 135
47 267 138
47 287 132
47 482 177
47 298 110
47 546 136
47 507 190
47 108 180
47 74 124
47 200 148
47 282 142
47 514 161
47 547 187
47 472 200
48 275 128
48 420 188
48 114 151
48 348 111
48 175 178
48 149 185
48 76 119
48 69 118
48 457 122
48 447 140
48 232 137
48 85 151
48 322 153
49 195 104
49 149 101
49 584 105
49 96 169
49 207 129
49 504 146
49 362 191
49 353 123
49 174 136
50 323 106
50 382 111
50 58 178
50 311 111
50 219 189
50 92 113
50 531 135
50 298 151
50 55 190
50 106 156
50 104 147
50 381 155
50 57 136
50 505 156
50 200 164
50 441 187
50 60 179
50 326 111
50 71 119
50 473 111
50 116 140
50 420 155
50 418 160
51 262 145
51 217 191
51 445 109
51 81 118
51 453 130
51 421 167
51 196 107
51 586 162
51 222 140
51 225 166
51 578 200
51 136 193
51 468 194
51 154 115
51 510 113
51 209 124
51 326 177
51 333 173
51 95 168
52 393 151
52 321 135
52 446 171
52 101 178
52 240 192
52 551 151
52 420 162
52 445 104
52 416 151
52 376 180
52 368 123
52 599 153
52 223 146
52 316 121
52 97 116
52 592 176
52 238 152
52 224 182
52 80 145
52 70 158
52 497 165
52 505 197
53 447 194
53 506 178
53 294 150
53 183 182
53 412 106
53 118 117
53 284 177
53 175 170
53 236 191
53 512 127
53 368 159
53 554 198
53 141 185
53 478 175
53 139 177
53 444 182
53 452 103
53 279 128
53 498 164
53 352 179
53 335 151
53 560 115
53 356 118
53 459 111
53 324 184
54 95 112
54 515 197
54 110 155
54 519 181
54 479 102
54 242 151
54 101 164
54 213 139
54 404 193
54 289 133
54 516 171
54 56 110
54 329 200
55 468 112
55 307 159
55 531 176
55 190 122
55 171 138
55 274 195
55 477 193
55 392 142
55 362 158
55 528 150
55 572 199
55 494 126
55 227 145
55 245 109
55 537 126
55 467 135
55 67 120
55 281 129
55 102 161
55 360 117
56 134 161
56 309 178
56 351 147
56 65 169
56 217 166
56 504 102
56 308 178
56 328 139
56 419 125
56 481 199
56 205 146
56 243 114
56 79 187
56 405 113
56 514 174
56 338 168
56 579 149
56 564 119
56 527 194
56 99 151
56 244 178
56 299 155
56 103 148
56 472 143
57 589 188
57 550 153
57 153 200
57 138 160
57 557 146
57 95 130
57 428 187
57 73 183
57 494 107
57 139 135
57 472 195
57 376 199
57 77 168
57 199 130
57 159 101
58 502 144
58 347 149
58 479 196
58 389 180
58 574 158
58 224 120
58 372 195
58 139 185
58 302 170
58 379 180
58 263 164
58 289 179
58 412 197
58 435 126
58 198 141
58 104 116
58 217 175
58 296 140
58 142 153
59 279 118
59 521 133
59 316 140
59 415 187
59 146 189
59 576 145
59 304 134
59 274 181
59 534 185
59 200 144
59 116 149
59 93 134
59 463 142
59 128 141
59 170 184
59 277 134
59 416 188
59 153 167
59 438 158
59 107 143
60 78 103
60 162 173
60 463 177
60 159 168
60 101 130
60 593 120
60 256 130
60 190 160
60 407 152
60 110 144
60 412 166
60 349 190
60 333 189
61 347 161
61 554 183
61 214 194
61 585 150
61 159 157
61 245 189
61 452 167
61 263 137
61 148 136
61 65 191
61 565 139
61 359 116
61 451 142
61 190 142
61 270 178
61 232 128
61 390 126
61 153 100
62 566 149
62 273 188
62 207 125
62 289 143
62 261 154
62 226 154
62 439 197
62 488 140
62 465 193
62 420 152
62 536 189
62 416 132
62 111 102
62 121 130
62 397 135
62 263 106
62 437 109
63 98 115
63 553 133
63 459 110
63 210 160
63 364 137
63 394 139
63 125 182
63 451 146
63 352 169
63 398 141
63 510 151
64 122 165
64 445 200
64 545 178
64 331 128
64 372 111
64 442 198
64 598 163
64 363 159
64 490 151
64 580 165
64 543 196
64 417 127
64 548 155
64 518 196
65 567 190
65 363 151
65 270 112
65 127 106
65 426 152
65 400 108
65 300 190
65 255 180
65 559 145
65 94 189
65 404 112
65 364 141
65 365 143
65 563 143
65 180 165
66 143 130
66 121 103
66 239 154
66 552 167
66 319 179
66 67 189
66 202 189
66 96 187
66 339 162
66 436 146
66 387 175
66 550 171
66 377 156
66 406 118
66 171 142
66 399 197
66 527 148
66 226 199
66 497 103
66 498 177
66 379 143
66 326 139
66 124 178
67 421 183
67 309 163
67 534 156
67 365 184
67 542 161
67 464 157
67 458 119
67 541 143
67 91 115
67 540 107
67 280 160
67 292 140
67 519 144
67 89 105
67 554 181
67 392 110
67 588 167
67 125 120
67 182 110
67 213 172
68 400 179
68 403 159
68 152 193
68 82 143
68 426 199
68 245 140
68 592 122
68 428 106
68 289 132
68 235 114
68 202 165
68 436 182
68 146 111
68 225 116
68 350 196
68 307 108
69 556 109
69 314 193
69 415 107
69 443 140
69 265 141
69 416 158
69 136 186
69 405 161
69 412 109
69 167 139
69 540 182
69 380 179
69 562 177
69 87 174
69 353 112
69 161 196
69 381 144
69 100 173
69 245 168
70 121 161
70 365 148
70 504 117
70 341 188
70 148 196
70 182 154
70 369 148
70 453 186
70 257 139
70 290 167
70 253 191
70 587 103
70 540 130
70 161 112
70 75 190
70 424 192
70 483 167
70 409 167
70 83 143
70 298 104
70 117 154
70 211 143
70 162 175
70 133 139
70 480 134
70 580 130
71 566 169
71 390 144
71 149 185
71 288 170
71 94 140
71 154 142
71 429 148
71 317 146
71 576 152
71 512 128
71 128 127
71 315 180
71 500 168
71 358 132
71 421 131
71 332 122
71 590 121
71 83 158
72 276 138
72 246 197
72 586 111
72 120 118
72 423 128
72 483 178
72 173 192
72 557 131
72 290 124
72 373 186
72 518 129
72 416 188
72 527 194
72 425 179
72 559 156
72 125 107
72 111 157
72 287 186
73 159 125
73 155 155
73 176 108
73 374 116
73 351 144
73 295 140
73 321 136
73 572 134
73 401 173
73 193 109
74 137 178
74 430 148
74 300 125
74 190 125
74 555 131
74 257 154
74 455 181
74 428 172
74 331 124
74 593 196
74 534 176
74 358 181
74 547 191
74 542 152
74 388 173
74 256 164
74 481 101
74 476 140
75 513 150
75 291 194
75 343 126
75 301 126
75 418 191
75 81 108
75 247 163
75 191 162
75 349 129
75 393 149
75 235 131
75 262 164
75 345 124
75 122 103
75 297 189
75 535 188
75 532 184
75 294 155
75 306 192
75 399 156
76 186 181
76 146 131
76 577 164
76 94 175
76 322 187
76 153 199
76 338 149
76 481 145
76 132 160
76 390 150
76 517 184
76 470 194
76 368 107
76 248 184
76 397 150
77 467 117
77 444 146
77 508 192
77 83 180
77 140 196
77 505 167
77 165 184
77 289 106
77 297 188
77 194 184
77 595 174
77 315 126
77 395 140
77 360 153
77 128 112
77 338 160
77 103 184
77 460 159
77 132 178
77 459 162
78 127 103
78 333 139
78 282 172
78 268 101
78 101 123
78 237 166
78 445 132
78 372 132
78 103 171
78 98 169
78 455 113
78 347 147
78 466 148
78 161 132
78 453 198
78 402 184
78 79 196
78 538 130
78 274 143
79 501 189
79 365 167
79 244 172
79 535 187
79 472 196
79 583 112
79 560 200
79 542 190
79 397 185
79 200 132
79 404 197
79 191 165
79 504 112
79 395 154
79 471 160
79 368 124
79 366 139
79 363 152
79 257 175
80 97 117
80 294 170
80 205 171
80 268 171
80 150 135
80 179 162
80 203 170
80 134 108
80 243 142
80 301 158
80 93 178
80 413 176
80 435 185
80 320 117
81 557 158
81 303 101
81 301 149
81 268 107
81 228 120
81 239 114
81 486 126
81 320 149
81 596 155
81 599 155
81 253 106
81 309 190
81 432 103
81 219 134
81 152 165
81 482 196
81 439 191
81 272 196
81 584 164
81 182 171
81 254 172
81 322 110
81 444 106
81 443 120
81 534 145
81 383 149
81 236 194
82 149 107
82 368 192
82 108 104
82 483 118
82 387 140
82 434 165
82 394 195
82 560 168
82 305 125
82 93 131
82 144 196
82 247 156
82 497 129
82 451 129
82 120 138
82 263 127
82 323 107
82 275 143
82 232 125
82 146 181
82 566 169
82 409 198
82 582 152
82 99 164
82 100 140
83 333 191
83 211 182
83 550 162
83 237 102
83 180 165
83 109 180
83 443 191
83 279 170
83 154 137
83 508 106
83 589 154
83 582 120
83 530 184
83 132 120
83 495 151
83 312 190
83 469 170
83 523 155
83 371 123
84 194 169
84 333 116
84 197 149
84 267 182
84 225 150
84 274 100
84 207 151
84 548 176
84 107 100
84 259 176
84 306 157
84 269 154
84 374 176
85 118 171
85 177 192
85 451 144
85 350 119
85 429 106
85 244 161
85 532 105
85 360 197
85 578 113
85 544 139
85 391 143
85 215 152
85 97 109
85 248 184
85 297 125
85 474 128
85 434 121
85 365 131
85 432 195
86 391 114
86 400 181
86 140 118
86 210 110
86 489 117
86 359 126
86 443 171
86 373 106
86 302 125
86 287 134
86 103 183
86 219 141
86 297 129
86 345 106
86 380 121
86 308 107
86 349 159
86 203 134
86 407 116
86 583 200
86 539 146
87 148 151
87 218 146
87 293 179
87 429 104
87 521 107
87 208 174
87 329 123
87 414 170
87 318 140
87 285 109
87 254 124
88 98 110
88 320 150
88 538 142
88 418 163
88 441 192
88 336 158
88 139 143
88 233 116
88 220 132
88 563 144
88 262 142
88 468 174
88 466 149
88 100 181
88 349 107
89 567 163
89 447 134
89 523 129
89 466 157
89 302 174
89 171 112
89 113 167
89 299 110
89 388 196
89 317 102
89 521 111
89 189 111
89 584 124
89 455 125
89 210 146
89 501 127
89 162 149
89 415 159
89 272 186
89 250 192
90 598 112
90 446 195
90 411 145
90 373 109
90 269 124
90 400 113
90 556 130
90 136 167
90 190 143
90 548 163
90 536 182
90 591 195
90 193 163
91 100 121
91 350 178
91 537 167
91 94 119
91 592 199
91 305 157
91 427 147
91 261 183
91 437 138
91 567 115
91 398 185
91 359 192
91 575 197
91 219 196
91 332 118
91 216 116
91 245 123
91 349 166
91 220 116
91 570 193
91 494 173
92 159 194
92 209 198
92 467 133
92 140 176
92 349 173
92 294 123
92 289 146
92 231 110
92 570 148
92 495 153
92 456 145
92 501 106
92 412 100
92 494 177
92 338 105
92 441 129
92 217 160
92 275 156
92 292 123
92 318 174
92 556 105
92 538 184
92 377 143
92 181 171
92 465 156
92 115 127
92 201 188
92 560 183
92 340 180
92 332 101
92 549 179
92 138 170
93 599 164
93 117 110
93 231 164
93 158 167
93 276 157
93 239 103
93 424 150
93 294 150
93 347 173
93 225 133
93 356 130
94 171 195
94 451 165
94 192 193
94 179 162
94 310 165
94 570 140
94 475 121
94 237 159
94 573 100
94 594 198
94 332 106
94 590 150
94 195 121
94 211 135
94 495 195
94 432 167
94 472 156
94 510 110
94 229 101
94 382 154
94 227 102
94 241 107
95 212 105
95 471 148
95 319 160
95 106 182
95 368 119
95 420 143
95 174 137
95 545 153
95 200 191
95 484 114
95 400 183
95 598 101
95 393 137
95 343 175
95 361 117
95 406 125
95 244 164
95 168 133
95 594 108
96 232 113
96 423 104
96 438 152
96 160 164
96 246 106
96 491 150
96 298 106
96 302 104
97 537 136
97 123 180
97 198 111
97 273 190
97 496 189
97 543 104
97 134 127
97 593 159
97 224 186
97 439 189
97 400 139
97 227 125
97 575 116
98 481 112
98 461 198
98 509 189
98 341 161
98 513 182
98 306 183
98 542 100
98 123 138
98 489 157
98 287 185
98 333 113
98 217 165
98 392 186
99 395 188
99 132 188
99 166 109
99 145 102
99 528 146
99 560 140
99 347 130
99 354 200
99 593 151
99 367 185
99 369 151
99 597 176
99 364 104
99 461 134
99 300 102
99 189 119
99 565 141
99 224 132
99 374 119
99 221 102
99 588 199
99 359 142
99 159 195
100 538 196
100 163 139
100 202 125
100 550 173
100 403 125
100 290 197
100 545 190
100 165 134
100 509 189
100 141 192
100 494 188
101 447 103
101 195 175
101 538 124
101 452 143
101 264 119
101 158 165
101 336 164
101 193 126
101 209 152
101 448 109
101 580 171
101 455 145
101 257 131
101 164 144
101 513 146
101 571 158
101 298 131
101 156 187
101 531 114
102 325 172
102 547 136
102 183 128
102 108 195
102 372 122
102 122 116
102 235 188
102 586 111
102 161 186
102 355 174
102 259 117
102 552 124
102 322 179
102 268 183
102 415 169
102 278 104
102 416 137
102 573 200
102 150 158
102 223 198
103 486 158
103 151 123
103 563 182
103 167 122
103 522 126
103 359 184
103 279 156
103 301 141
103 417 141
103 477 168
103 531 120
103 539 140
104 569 184
104 404 141
104 209 118
104 455 193
104 153 186
104 116 149
105 398 142
105 517 192
105 542 178
105 269 102
105 106 187
105 462 192
105 162 138
105 408 170
105 319 138
105 486 109
105 344 129
105 487 194
106 560 188
106 141 107
106 137 165
106 146 109
106 133 110
106 536 136
106 573 142
106 276 155
106 458 186
106 143 187
107 498 180
107 569 132
107 390 187
107 424 163
107 367 179
107 213 180
107 180 131
107 287 164
107 325 127
107 494 180
107 329 199
107 552 154
107 407 130
107 295 159
108 135 121
108 426 156
108 319 126
108 321 130
108 216 136
108 518 147
108 139 172
108 228 156
108 449 121
108 201 200
108 369 142
108 535 173
108 173 125
108 327 129
108 572 124
108 184 152
108 559 138
108 416 147
108 460 124
108 292 175
109 351 138
109 174 153
109 265 124
109 157 116
109 218 182
109 386 191
109 585 179
109 431 163
109 240 167
109 574 124
109 589 179
109 400 172
109 445 132
109 407 118
109 582 174
109 299 156
109 122 157
109 599 185
109 556 120
109 173 170
109 548 101
110 501 125
110 433 103
110 331 132
110 169 189
110 539 145
110 253 176
110 596 155
110 239 146
110 499 140
110 194 181
110 218 152
110 589 147
110 410 102
110 319 175
110 434 104
110 365 123
111 148 167
111 187 103
111 209 158
111 431 195
111 136 199
111 200 161
111 383 184
111 288 158
111 384 119
111 154 175
111 589 173
111 468 172
111 521 162
111 210 182
112 337 154
112 288 159
112 414 141
112 540 199
112 260 185
112 137 141
112 202 123
112 493 101
112 173 186
112 225 121
112 277 115
112 458 135
112 257 135
112 176 106
112 549 161
113 193 156
113 456 171
113 307 162
113 358 196
113 424 175
113 125 145
113 487 183
113 176 144
113 247 107
113 324 138
113 234 128
113 502 163
113 158 143
113 178 125
113 452 179
113 583 200
114 161 184
114 136 126
114 568 111
114 388 169
114 346 178
114 400 182
114 327 145
114 355 176
114 240 157
114 153 177
114 574 163
114 164 186
114 302 189
114 342 147
115 217 121
115 337 195
115 150 143
115 256 166
115 275 178
115 509 130
115 280 153
115 162 154
115 192 197
115 155 191
115 375 190
115 234 190
115 478 116
115 133 159
115 252 169
115 517 125
115 145 189
115 590 148
115 520 127
115 383 178
115 122 119
115 139 189
115 316 119
115 373 159
115 213 166
116 596 121
116 595 117
116 541 108
116 534 107
116 298 133
116 296 160
116 326 122
116 482 129
116 284 165
116 411 135
116 585 115
116 394 173
116 435 165
116 389 118
116 396 151
116 295 155
116 303 125
116 516 105
116 455 150
116 471 102
117 163 122
117 262 115
117 334 143
117 351 193
117 554 197
117 201 174
117 526 115
117 299 174
117 408 116
117 165 137
117 354 107
117 132 100
117 453 198
117 574 121
117 352 185
117 433 149
117 157 147
118 439 129
118 259 122
118 372 150
118 265 134
118 574 107
118 310 131
118 345 173
118 568 122
118 304 118
118 179 137
118 248 167
118 291 128
118 299 107
118 197 114
118 316 113
118 440 104
118 405 159
118 337 130
119 235 124
119 166 133
119 427 153
119 155 146
119 475 173
119 448 147
119 143 182
119 593 114
119 241 126
119 460 195
119 579 112
119 367 112
119 466 135
119 165 176
119 297 125
119 429 174
119 559 187
119 473 115
119 543 193
119 224 143
119 547 174
120 252 182
120 219 169
120 210 129
120 599 151
120 143 143
120 413 104
120 395 139
120 239 185
120 369 137
120 141 153
121 401 122
121 505 136
121 503 161
121 298 108
121 412 185
121 153 144
121 242 192
121 395 104
121 588 187
121 248 100
121 269 130
121 194 128
121 137 111
121 434 108
121 572 140
121 132 117
121 455 197
122 576 114
122 406 146
122 428 121
122 211 188
122 524 128
122 257 168
122 440 114
122 163 144
122 367 183
122 196 200
122 549 150
122 238 197
122 500 167
123 326 138
123 491 114
123 164 121
123 234 165
123 307 168
123 238 143
123 516 191
123 490 196
123 459 170
123 534 154
123 257 118
123 245 105
123 154 189
123 463 161
123 507 125
123 336 184
123 252 126
123 447 108
124 181 101
124 584 179
124 543 147
124 127 174
124 561 125
124 506 139
124 343 136
124 567 197
124 198 103
124 558 104
124 141 143
124 462 180
124 349 164
124 255 170
124 528 199
124 299 172
124 480 163
125 146 190
125 402 121
125 284 121
125 403 180
125 441 131
125 527 105
125 440 185
125 247 102
125 248 125
125 405 161
125 335 130
125 360 158
125 519 110
125 374 163
125 342 100
125 223 121
125 582 138
125 508 140
126 465 165
126 344 128
126 265 108
126 155 190
126 457 161
126 576 148
126 517 152
126 398 182
126 309 104
126 545 171
126 460 103
126 150 182
126 327 119
126 188 135
126 393 134
126 452 102
126 494 179
126 287 192
126 529 161
127 317 194
127 238 200
127 458 145
127 277 184
127 176 132
127 307 132
127 352 170
127 298 135
127 382 136
127 413 127
127 550 191
127 476 165
127 190 123
127 164 145
127 356 178
127 269 183
128 215 117
128 496 188
128 558 131
128 589 142
128 331 175
128 362 121
128 139 105
128 391 134
128 487 112
128 268 175
128 246 115
129 543 117
129 519 199
129 434 168
129 442 157
129 352 110
129 306 139
129 380 148
129 488 187
129 343 134
129 557 151
129 399 178
129 230 174
129 522 182
129 340 150
129 211 162
129 210 140
129 224 167
129 412 188
130 506 187
130 549 199
130 136 166
130 167 200
130 579 196
130 360 144
130 504 145
130 201 132
130 463 181
130 451 154
130 457 136
130 281 167
130 137 165
130 223 141
130 410 178
130 477 149
130 383 101
130 490 140
130 326 105
130 230 157
130 300 138
131 259 143
131 170 195
131 564 145
131 271 124
131 321 153
131 354 175
131 273 128
131 468 170
131 313 145
131 220 119
131 396 142
131 470 137
131 529 118
131 450 186
131 420 153
131 415 133
132 465 116
132 134 181
132 171 170
132 209 136
132 522 186
132 278 109
132 266 164
132 203 191
132 553 180
132 175 190
132 492 161
132 441 126
132 202 195
132 459 151
132 391 181
132 150 165
132 133 130
132 573 179
132 490 126
133 206 111
133 568 129
133 344 142
133 572 150
133 392 193
133 365 199
133 501 174
133 535 197
133 279 118
133 584 186
133 373 122
133 457 145
133 258 104
133 449 152
134 586 114
134 593 168
134 325 140
134 148 111
134 189 148
134 582 165
134 318 159
134 290 189
134 161 111
134 165 114
134 324 126
134 309 185
135 179 107
135 566 168
135 237 178
135 231 102
135 418 106
135 376 127
135 387 125
135 495 187
135 168 176
135 155 190
135 516 143
135 394 103
135 183 174
135 547 129
136 382 106
136 550 156
136 191 112
136 141 117
136 195 173
136 281 152
136 230 192
136 500 134
136 204 152
136 366 129
136 494 151
136 380 179
137 559 171
137 430 194
137 549 137
137 352 150
137 501 170
137 178 148
137 177 174
137 246 155
137 274 171
137 221 152
137 261 150
137 299 196
137 265 185
137 399 108
137 320 180
137 387 174
137 181 104
137 195 126
137 327 168
137 535 196
137 257 120
137 266 137
138 541 128
138 353 148
138 189 116
138 421 128
138 469 107
138 433 185
138 554 130
138 431 121
138 293 183
138 279 169
138 466 188
138 387 154
138 163 175
138 316 195
138 422 166
138 395 153
138 203 154
138 432 122
138 407 166
139 287 172
139 314 105
139 228 171
139 255 120
139 229 169
139 298 126
139 217 184
139 503 170
139 415 173
139 293 146
139 343 192
139 231 174
139 442 164
139 221 119
139 372 193
139 195 190
139 389 197
139 218 150
139 393 198
140 432 174
140 354 162
140 526 109
140 239 161
140 300 108
140 555 133
140 496 152
140 524 155
140 457 130
140 235 155
140 581 104
140 595 137
140 418 163
141 171 113
141 460 162
141 277 124
141 385 149
141 535 161
141 315 179
141 269 183
141 145 115
141 388 130
141 421 164
141 220 113
141 587 140
141 222 132
142 469 151
142 582 127
142 565 160
142 227 144
142 524 129
142 192 132
142 145 158
142 357 109
142 194 145
142 267 145
142 481 166
142 492 130
142 188 125
142 536 105
142 183 104
143 401 107
143 381 115
143 297 145
143 436 112
143 540 162
143 365 135
143 496 150
143 526 147
143 409 192
143 445 184
143 250 109
143 512 109
143 490 106
143 570 166
143 186 138
144 344 171
144 495 153
144 593 127
144 314 181
144 462 175
144 396 117
144 308 142
144 222 127
144 203 176
145 223 193
145 171 134
145 314 134
145 159 181
145 280 125
145 156 159
145 501 123
145 450 140
145 390 147
145 528 127
145 162 193
145 281 107
145 503 160
145 370 178
145 343 178
145 451 162
145 289 102
146 389 144
146 396 147
146 188 151
146 230 126
146 391 188
146 340 196
146 256 121
147 252 166
147 375 156
147 457 126
147 324 186
147 295 109
147 519 181
147 529 189
147 259 161
147 413 183
147 393 132
147 493 159
147 527 120
147 327 138
147 169 139
147 188 155
147 179 159
147 494 127
147 404 187
148 563 111
148 455 149
148 594 146
148 313 137
148 483 195
148 388 165
148 592 194
148 159 117
148 466 107
148 188 168
148 524 184
148 596 174
148 354 122
148 212 147
148 424 142
149 551 116
149 569 110
149 351 159
149 525 146
149 414 148
149 510 121
149 201 150
149 430 175
149 194 161
149 185 162
149 189 187
149 217 109
149 196 157
150 368 149
150 271 136
150 222 124
150 270 141
150 421 184
150 331 124
150 389 122
150 182 177
150 408 181
150 554 188
150 272 111
150 546 199
150 399 197
150 274 104
150 503 152
150 483 110
150 484 138
150 210 199
150 424 152
150 237 183
151 433 163
151 219 139
151 310 186
151 300 124
151 489 190
151 227 194
151 502 185
151 332 196
151 232 179
151 404 170
151 473 177
151 176 159
151 472 188
151 306 197
151 419 122
151 422 197
151 249 185
152 350 122
152 377 130
152 302 107
152 365 132
152 482 150
152 284 186
152 540 120
152 453 135
152 290 168
152 155 189
153 550 173
153 194 152
153 236 154
153 390 156
153 551 101
153 319 101
153 399 106
153 296 156
153 237 175
153 458 176
153 352 128
153 539 104
153 234 104
153 545 108
153 528 130
153 519 134
153 288 146
153 182 141
153 277 105
154 510 143
154 357 113
154 292 187
154 368 115
154 516 190
154 261 148
154 590 103
154 521 192
154 390 199
154 308 192
154 386 174
155 530 123
155 557 157
155 518 165
155 274 102
155 208 141
155 491 122
155 206 154
155 295 112
155 294 132
155 508 184
155 539 173
155 284 174
155 306 189
155 163 150
155 437 160
156 577 126
156 287 185
156 319 101
156 268 130
156 563 173
156 434 196
156 372 197
156 422 164
156 328 117
156 234 163
156 509 169
156 459 182
156 163 130
157 558 144
157 201 113
157 193 163
157 329 167
157 397 157
157 391 187
157 230 118
157 327 105
157 560 195
157 517 143
157 210 175
158 457 166
158 369 166
158 288 146
158 486 117
158 488 117
158 501 146
158 178 162
158 301 176
158 569 157
158 540 136
158 339 162
158 175 185
158 351 137
158 534 113
158 196 104
159 333 183
159 517 106
159 246 129
159 320 133
159 249 164
159 574 106
159 382 126
159 170 176
159 557 186
159 293 182
159 381 159
159 591 173
159 184 103
159 524 192
159 559 199
159 282 186
159 521 112
159 336 162
159 275 190
159 270 115
160 529 114
160 437 106
160 561 144
160 518 174
160 406 200
160 432 172
160 295 156
160 598 106
160 380 100
160 588 115
160 400 169
160 464 194
160 339 116
161 351 187
161 481 184
161 352 184
161 209 139
161 267 194
161 553 184
161 558 178
161 284 148
161 596 139
161 526 200
161 438 153
161 326 158
161 585 179
161 380 191
161 213 199
161 272 195
161 212 133
161 355 200
161 308 178
161 434 121
162 209 183
162 184 130
162 260 182
162 511 200
162 525 145
162 418 104
162 310 112
162 219 131
162 316 138
162 277 193
162 293 121
162 398 107
162 531 147
162 311 118
162 427 116
162 395 153
162 249 149
162 523 148
162 490 184
162 581 151
163 325 139
163 571 113
163 172 199
163 253 165
163 369 122
163 198 178
163 298 187
163 426 164
163 495 124
163 194 186
163 268 143
163 308 170
164 298 160
164 514 143
164 546 112
164 170 149
164 450 127
164 315 102
164 572 107
164 283 155
164 266 137
164 423 102
164 520 182
164 457 187
164 210 140
164 504 187
164 556 155
164 371 135
165 526 112
165 420 200
165 168 109
165 568 193
165 352 110
165 440 169
165 563 129
165 527 173
165 213 101
165 511 115
165 370 106
165 274 155
166 367 173
166 574 114
166 534 122
166 532 113
166 230 129
166 407 171
166 567 142
166 587 159
166 285 192
166 508 188
166 597 117
166 553 200
166 558 106
166 186 192
166 491 103
166 478 180
167 349 192
167 419 187
167 335 115
167 233 193
167 350 131
167 297 175
167 301 169
167 582 110
167 459 100
167 432 162
167 244 160
167 488 159
167 446 103
167 481 155
167 479 137
167 278 120
167 397 124
167 262 154
168 457 110
168 381 148
168 544 109
168 473 196
168 223 108
168 474 141
168 425 146
168 235 155
168 274 151
168 229 177
168 417 128
168 402 119
168 319 168
168 256 102
168 549 175
169 565 111
169 393 146
169 427 107
169 333 172
169 492 179
169 407 104
169 562 113
169 520 100
169 276 165
169 367 175
169 389 175
169 292 116
169 388 122
169 203 101
169 498 193
169 322 124
169 329 193
170 449 111
170 379 198
170 357 178
170 175 182
170 287 113
170 518 114
170 189 168
171 310 132
171 546 200
171 595 154
171 566 162
171 303 153
171 306 171
171 252 141
171 271 134
171 199 167
171 530 193
171 279 127
171 341 197
172 211 110
172 259 165
172 347 133
172 471 200
172 543 102
172 422 183
172 264 162
172 301 198
172 472 154
172 597 148
172 315 196
172 458 136
172 174 127
172 332 153
172 404 154
172 466 191
172 492 182
173 221 164
173 340 122
173 332 124
173 199 170
173 591 142
173 181 191
173 261 160
173 450 171
173 187 177
173 370 108
173 590 155
173 259 163
173 570 168
173 311 103
173 568 114
173 381 184
174 326 149
174 369 181
174 358 147
174 429 131
174 200 198
174 349 161
174 343 169
174 348 107
174 362 165
174 505 151
174 585 190
174 426 195
174 425 175
174 557 177
174 463 171
174 333 124
175 195 104
175 234 116
175 376 125
175 337 194
175 322 145
175 268 164
175 498 169
175 464 105
175 481 137
175 579 176
175 581 199
176 595 167
176 527 175
176 304 195
176 338 163
176 263 149
176 581 104
176 414 196
176 418 173
176 401 170
176 491 103
176 298 156
176 397 124
177 554 187
177 374 146
177 538 111
177 185 116
177 465 157
177 501 103
177 396 113
178 564 145
178 194 124
178 369 164
178 470 141
178 537 184
178 514 124
178 292 197
178 596 200
178 272 118
178 284 160
178 583 130
178 261 176
179 305 151
179 227 128
179 450 110
179 369 119
179 185 140
179 483 125
179 282 150
179 440 147
179 270 131
179 515 128
179 277 168
179 248 119
179 324 196
179 283 157
179 591 115
179 181 146
179 502 170
179 439 102
179 443 122
179 198 181
179 489 106
179 199 188
179 567 105
179 512 109
179 318 133
180 262 133
180 573 129
180 372 134
180 414 155
180 466 152
180 209 164
181 237 194
181 254 103
181 273 136
181 194 174
181 365 130
181 263 139
181 294 200
181 591 179
181 388 160
181 527 137
181 536 107
181 532 195
181 288 156
181 183 127
182 483 198
182 307 158
182 349 181
182 462 167
182 305 126
182 347 153
183 559 127
183 265 123
183 432 148
183 505 115
183 354 190
183 482 149
183 377 100
183 227 129
183 595 187
183 278 169
183 495 159
183 342 151
183 333 136
183 434 125
184 523 192
184 458 128
184 234 169
184 291 196
184 440 100
184 340 164
184 395 133
184 200 125
184 407 125
185 568 136
185 282 180
185 348 100
185 414 111
185 329 123
185 390 141
185 418 155
186 424 101
186 450 119
186 387 137
186 404 164
186 516 112
186 435 152
186 514 165
186 446 189
186 475 197
186 262 127
186 372 109
186 481 156
187 267 119
187 318 151
187 453 109
187 575 114
187 547 183
187 282 173
187 522 123
187 262 160
187 588 131
187 299 134
187 565 134
187 269 121
188 353 103
188 450 150
188 262 170
188 319 185
188 384 158
188 456 118
188 259 175
188 432 113
188 398 110
188 465 153
188 385 164
189 472 192
189 303 159
189 563 142
189 288 186
189 241 135
189 410 139
189 297 164
189 527 137
189 588 150
189 257 191
189 514 118
189 598 110
189 363 101
189 336 189
189 438 177
189 480 114
189 335 128
189 541 118
190 208 101
190 286 149
190 597 105
190 530 127
190 311 109
190 502 187
190 256 150
190 464 110
190 368 110
190 575 185
190 566 117
190 599 128
190 224 130
190 342 152
191 577 102
191 266 104
191 428 142
191 338 119
191 321 145
191 514 147
191 405 187
191 555 172
191 308 140
191 326 154
191 592 141
191 325 181
191 587 152
192 403 169
192 432 194
192 442 198
192 338 114
192 239 145
192 193 105
192 587 176
192 583 115
192 233 130
192 391 187
192 375 134
192 586 164
192 567 100
192 479 123
192 412 131
193 340 119
193 510 103
193 248 126
193 466 135
193 566 140
193 296 114
193 242 176
193 436 118
193 417 140
193 446 173
193 343 188
193 368 139
193 369 167
193 425 190
193 448 189
193 428 146
193 326 121
194 509 166
194 273 162
194 495 157
194 225 131
194 473 159
194 461 143
194 453 145
194 282 200
194 465 198
194 264 175
194 239 133
194 218 136
194 427 153
194 430 187
194 500 130
194 425 107
195 364 139
195 337 119
195 489 123
195 216 173
195 430 163
195 235 100
195 302 122
195 395 192
195 387 134
195 460 155
195 265 124
195 512 136
195 548 114
195 535 115
196 569 110
196 266 127
196 588 194
196 375 125
196 551 135
196 220 166
196 480 129
196 454 194
196 330 106
196 322 196
196 248 150
196 235 137
197 572 168
197 493 183
197 357 146
197 245 112
197 238 196
197 496 127
197 352 186
197 224 189
197 256 174
197 358 125
197 387 146
197 219 175
198 489 185
198 403 192
198 456 196
198 329 107
198 304 187
198 242 182
198 219 149
198 364 186
198 545 178
198 387 163
199 403 134
199 441 172
199 502 147
199 552 106
199 319 104
199 262 178
199 548 125
199 445 140
199 276 128
199 353 109
199 394 140
199 589 186
199 365 187
199 474 153
200 215 139
200 506 113
200 478 193
200 530 165
200 311 110
200 598 200
200 515 116
200 454 139
200 361 150
200 203 147
200 564 184
200 227 144
200 286 176
200 302 114
200 507 161
201 594 121
201 426 119
201 401 114
201 475 176
201 325 153
201 384 169
201 226 128
201 468 145
201 227 108
201 373 198
201 513 123
201 236 135
201 518 161
202 485 132
202 472 180
202 491 171
202 373 137
202 349 147
202 244 169
202 268 124
202 245 188
202 289 131
202 489 192
202 418 170
202 404 129
202 503 141
202 234 171
202 372 119
202 533 132
202 215 153
203 307 161
203 294 134
203 477 165
203 564 168
203 487 192
203 526 144
204 426 135
204 544 154
204 486 142
204 224 129
204 399 111
204 371 132
204 519 118
204 328 176
204 375 198
204 564 108
205 231 175
205 532 162
205 511 200
205 226 164
205 209 179
205 239 186
205 587 141
205 290 155
205 206 109
205 573 124
205 428 122
205 256 188
205 564 171
205 497 101
206 467 108
206 240 144
206 333 106
206 266 186
206 586 133
206 418 162
206 487 107
206 591 178
206 404 180
206 441 195
206 241 190
206 546 182
206 492 108
206 594 180
206 212 149
206 391 157
206 516 129
206 483 120
206 417 179
206 408 101
206 582 147
206 365 110
207 323 114
207 574 194
207 401 110
207 489 156
207 404 101
207 566 170
207 434 155
207 351 164
207 442 105
207 288 108
207 435 190
207 311 148
207 518 115
207 396 177
208 531 153
208 477 108
208 347 168
208 230 166
208 397 145
208 321 178
208 312 178
208 598 100
208 550 143
208 303 192
208 221 138
208 450 108
208 496 151
208 233 163
209 268 135
209 389 173
209 555 123
209 295 157
209 498 131
209 570 156
209 227 123
209 452 118
209 263 145
209 394 113
209 248 177
210 211 146
210 587 132
210 328 194
210 298 162
210 591 175
210 398 169
211 560 150
211 493 156
211 249 110
211 335 145
211 417 134
211 448 150
212 259 115
212 518 166
212 483 188
212 406 188
212 237 114
212 509 159
212 471 152
212 517 173
212 551 150
212 495 161
213 464 153
213 514 153
213 537 166
213 311 125
213 490 106
213 401 188
213 333 146
213 574 178
214 599 128
214 327 105
214 520 152
214 419 193
214 522 153
214 462 163
214 547 136
214 572 115
214 593 105
214 307 182
214 575 122
214 249 125
214 454 143
214 563 113
215 427 194
215 318 168
215 280 171
215 598 114
215 304 172
215 509 182
215 232 192
215 494 174
215 244 154
215 257 131
215 580 155
215 342 146
215 253 160
215 474 157
216 398 120
216 460 102
216 286 173
216 501 199
216 246 128
216 570 192
216 548 200
216 269 168
216 397 115
216 325 170
216 459 121
216 585 122
216 404 182
216 479 194
216 302 178
217 221 116
217 303 126
217 304 110
217 415 120
217 462 153
217 257 136
217 500 133
217 555 195
217 587 124
217 572 166
217 247 182
217 228 160
218 596 151
218 409 139
218 361 179
218 364 137
218 234 188
218 345 171
218 482 114
218 547 151
218 432 110
218 339 122
218 528 136
218 315 187
218 521 196
218 306 123
219 427 160
219 474 171
219 503 187
219 382 147
219 346 106
219 311 192
219 415 182
219 361 106
219 484 147
219 287 200
219 522 177
219 295 182
219 345 192
220 288 157
220 563 126
220 325 179
220 467 112
220 374 121
220 565 198
220 454 131
220 429 120
220 566 126
220 510 197
220 418 165
220 335 103
220 544 171
221 305 115
221 289 189
221 562 161
221 227 142
221 298 146
221 576 146
221 375 122
221 526 156
221 280 186
221 486 149
221 365 174
221 494 142
221 268 191
221 426 155
221 501 177
221 372 114
221 411 191
222 444 109
222 271 139
222 234 134
222 563 176
222 550 105
222 336 200
222 490 177
222 375 121
222 492 138
222 362 147
222 451 106
222 447 103
223 445 167
223 441 177
223 388 196
223 415 175
223 318 110
223 225 175
223 447 172
223 310 131
223 520 161
223 448 131
224 307 195
224 388 198
224 387 110
224 431 175
224 241 182
224 443 140
224 408 120
224 310 151
224 269 119
224 283 167
224 551 149
224 263 124
224 460 170
224 349 142
224 389 156
225 335 127
225 520 138
225 352 114
225 453 160
225 395 180
225 575 121
225 302 131
225 479 156
225 253 120
225 459 105
225 541 170
225 322 135
225 408 118
226 329 161
226 281 118
226 583 192
226 284 198
226 397 125
226 599 117
226 422 156
226 349 198
226 427 130
226 362 113
226 514 105
226 570 104
227 529 113
227 419 115
227 455 146
227 593 102
227 316 195
227 313 139
227 534 164
227 553 119
227 399 130
227 286 138
227 262 167
227 249 122
227 436 119
228 526 171
228 325 171
228 374 116
228 358 155
228 540 182
228 344 140
228 319 121
228 496 118
228 562 131
228 437 139
228 577 108
228 282 200
228 594 139
228 559 109
228 482 126
229 592 112
229 280 113
229 431 111
229 360 108
229 520 113
229 449 112
229 339 148
229 489 134
229 236 149
229 542 123
229 410 195
229 518 172
229 309 193
230 326 109
230 519 139
230 590 158
230 437 139
230 419 116
230 559 116
230 382 150
230 236 151
230 511 152
230 372 197
230 330 147
231 319 114
231 258 101
231 533 102
231 324 109
231 532 195
231 261 193
231 301 136
231 369 135
231 517 168
231 367 194
231 306 189
231 555 158
231 593 194
232 474 136
232 283 182
232 596 178
232 349 116
232 567 115
232 517 119
232 501 110
232 392 154
232 428 157
232 443 102
232 467 191
233 250 150
233 288 190
233 281 144
233 405 143
233 297 169
233 371 152
233 546 178
233 472 131
233 470 181
233 587 160
233 458 171
234 442 186
234 396 149
234 354 137
234 561 153
234 278 194
234 573 162
234 390 125
234 500 173
234 239 139
234 253 147
234 577 106
235 310 193
235 411 172
235 318 160
235 498 119
235 552 114
235 470 178
235 279 160
235 336 158
235 287 147
235 377 163
235 413 125
235 500 165
235 547 124
235 286 182
236 331 134
236 384 128
236 567 108
236 309 182
236 444 145
236 251 134
236 589 192
236 459 103
236 472 116
236 263 114
236 402 127
236 388 155
236 487 137
237 476 155
237 241 195
237 566 122
237 292 156
237 404 194
237 261 117
237 314 120
237 505 179
238 273 156
238 316 122
238 240 187
238 320 100
238 525 127
238 566 148
238 329 110
238 503 114
238 575 168
238 290 194
238 537 146
238 317 169
239 341 136
239 452 101
239 371 189
239 561 171
239 432 168
239 531 106
239 415 151
239 499 183
240 539 199
240 246 117
240 483 113
240 537 154
240 252 190
240 325 184
240 316 149
240 415 135
240 510 170
240 272 150
240 565 198
240 430 155
240 575 129
241 494 118
241 307 142
241 355 103
241 387 140
241 318 111
241 392 136
241 408 184
241 417 161
241 435 168
241 248 198
241 575 163
241 385 176
241 342 113
242 463 158
242 245 153
242 546 173
242 379 118
242 408 196
242 563 130
242 307 166
242 323 170
242 537 190
242 380 149
243 274 161
243 534 114
243 436 141
243 339 140
243 258 164
243 519 181
243 455 174
243 550 111
243 448 191
243 255 108
244 562 162
244 459 153
244 599 112
244 317 110
244 573 181
244 369 152
244 302 121
244 532 154
244 392 113
244 288 142
245 552 129
245 498 156
245 571 163
245 459 162
245 558 200
245 439 163
245 416 162
245 515 130
245 371 106
245 276 166
245 541 143
245 271 109
245 569 138
245 329 187
245 539 172
245 476 172
246 427 166
246 592 131
246 358 147
246 260 146
246 351 166
246 317 155
246 578 150
246 492 108
246 297 152
246 443 156
246 566 154
246 583 142
246 386 137
246 341 139
247 253 183
247 487 159
247 519 181
247 306 139
247 491 138
247 516 117
247 311 199
247 523 117
247 562 137
247 520 114
247 354 110
247 395 108
247 498 156
247 560 169
247 547 177
247 594 147
247 425 137
247 449 148
247 561 115
247 291 133
248 591 100
248 463 143
248 454 198
248 572 184
248 417 124
248 582 149
248 399 138
248 379 138
248 596 165
248 498 189
248 403 151
248 500 140
249 573 123
249 420 109
249 441 103
249 385 105
249 283 116
249 304 130
249 581 195
249 320 122
249 576 164
249 271 188
249 445 185
250 456 162
250 382 171
250 559 187
250 270 133
251 588 130
251 433 122
251 271 128
251 437 184
251 258 189
251 439 110
252 493 107
252 317 181
252 451 163
252 440 191
252 477 107
252 471 124
252 399 137
252 371 197
253 587 138
253 567 121
253 582 170
253 329 164
253 423 157
253 485 139
253 448 159
253 293 163
253 505 160
253 350 121
253 356 100
253 376 192
253 465 151
253 581 157
254 265 177
254 377 157
254 275 142
254 597 199
254 290 174
254 333 179
254 406 116
254 516 172
254 593 168
254 487 195
254 330 154
254 470 113
254 323 151
254 417 191
255 411 200
255 565 188
255 465 113
255 358 143
255 291 199
255 548 111
255 380 123
255 528 187
255 531 105
255 401 140
256 582 141
256 311 111
256 273 154
256 423 198
256 478 124
256 551 169
256 569 141
256 312 158
256 326 136
257 442 177
257 501 101
257 261 129
257 299 143
257 446 128
257 481 111
257 477 142
257 303 120
257 476 174
257 531 165
257 414 159
257 533 136
257 460 178
257 586 182
257 277 118
257 447 155
257 342 141
258 542 148
258 350 105
258 550 114
258 363 183
258 303 101
258 289 141
258 399 163
258 342 167
259 541 176
259 450 175
259 574 121
259 286 136
259 522 172
259 335 126
259 389 145
259 352 111
259 304 162
259 296 165
259 544 158
259 563 137
259 431 119
260 598 114
260 489 131
260 398 148
260 585 120
260 303 194
260 434 106
260 461 112
260 559 130
260 336 159
260 589 184
261 458 190
261 553 173
261 328 174
261 543 167
261 499 140
261 374 124
261 464 129
261 438 106
261 443 194
261 509 134
261 263 172
261 287 183
261 266 145
262 293 132
262 346 132
262 566 105
262 455 175
262 495 160
263 335 177
263 551 143
263 366 100
263 599 177
263 298 174
263 278 141
263 505 125
263 369 107
263 593 137
263 446 185
264 400 152
264 542 119
264 530 101
264 391 156
264 335 157
264 471 122
264 309 114
264 580 126
264 423 116
264 443 134
265 287 186
265 325 189
265 451 199
265 310 187
265 471 149
265 503 195
265 412 151
265 565 137
266 426 188
266 507 119
266 437 111
266 560 154
266 383 169
266 423 142
266 401 183
266 392 116
266 590 169
267 487 161
267 535 126
267 510 134
267 539 182
267 319 191
267 387 189
267 389 136
267 409 187
267 541 194
267 307 196
267 347 182
267 348 182
267 306 200
267 506 109
267 294 200
268 577 160
268 596 157
268 550 124
268 360 100
268 592 156
268 594 127
268 576 127
268 581 157
268 540 142
268 442 192
268 304 190
268 507 171
268 404 124
268 502 145
268 455 105
268 553 178
269 295 147
269 373 147
269 467 144
269 530 176
269 506 116
269 545 127
269 515 117
269 388 150
269 317 195
269 424 178
269 443 145
270 388 177
270 524 199
270 492 105
270 439 128
270 322 143
270 520 178
270 509 128
270 497 188
270 347 189
270 278 186
270 513 114
271 570 195
271 425 188
271 437 195
271 400 155
271 447 172
271 486 130
271 419 104
272 321 128
272 542 124
272 325 197
272 552 177
272 277 133
272 476 199
272 444 136
272 359 175
272 523 194
272 427 127
273 276 107
273 513 159
273 439 112
273 334 150
273 451 194
273 422 175
273 376 147
273 462 192
273 573 139
273 541 157
273 492 116
273 545 176
273 392 114
273 445 182
273 321 189
274 486 142
274 488 163
274 426 152
274 564 174
274 363 163
274 364 130
274 281 177
274 524 185
275 519 196
275 296 158
275 366 122
275 572 110
275 475 147
275 588 102
275 377 188
275 514 104
275 469 122
276 472 189
276 416 167
276 527 141
276 572 120
276 475 166
276 281 136
276 322 134
276 325 111
276 382 164
276 365 169
276 344 132
276 541 179
276 473 120
276 483 177
277 307 174
277 555 100
277 526 152
277 476 192
277 508 191
277 564 176
277 500 101
278 535 131
278 546 171
278 426 165
278 453 100
278 337 137
278 540 144
278 491 112
278 436 195
278 474 108
278 531 187
278 454 187
278 392 106
278 468 164
278 592 176
279 432 120
279 512 155
279 389 142
279 411 147
279 524 189
279 337 158
279 570 156
280 573 175
280 353 131
280 462 163
280 432 190
280 574 176
280 452 126
280 389 163
281 417 158
281 576 129
281 325 139
281 491 117
281 282 158
281 533 162
281 565 179
281 571 121
281 301 130
281 309 161
281 528 146
281 383 137
282 458 142
282 358 130
282 575 103
282 354 180
282 569 178
282 500 187
282 287 140
282 386 197
282 514 169
282 534 179
283 461 104
283 594 124
283 443 142
283 361 144
283 491 155
283 289 117
283 543 197
283 403 103
283 507 132
284 393 160
284 461 138
284 595 135
284 411 161
284 382 139
284 295 141
284 545 113
284 360 183
284 513 176
285 350 122
285 384 117
285 390 105
285 352 167
285 598 122
285 582 186
285 304 100
285 441 164
286 422 157
286 592 185
286 383 192
286 297 177
286 390 134
286 467 133
286 500 143
286 564 158
286 483 107
286 437 163
286 498 194
286 462 119
286 597 189
286 465 106
286 350 194
287 592 185
287 349 160
287 337 132
287 488 175
287 512 170
287 497 195
287 554 200
287 433 155
287 531 199
287 492 194
288 599 187
288 535 105
288 554 112
288 295 199
288 448 124
288 589 162
288 553 174
288 493 178
288 510 190
288 412 156
288 544 196
289 459 161
289 400 143
289 384 166
289 564 133
289 410 171
289 486 178
289 508 132
290 305 195
290 566 119
290 357 152
290 563 186
290 421 194
290 552 107
290 366 194
290 573 121
290 349 100
290 426 135
291 430 146
291 312 119
291 521 198
291 372 182
291 383 199
291 399 136
291 311 183
291 561 180
291 481 167
291 469 122
291 345 124
291 429 173
291 452 118
292 379 187
292 557 196
292 596 114
292 429 169
292 562 150
292 421 127
292 385 159
292 323 134
292 358 101
292 326 191
292 370 180
292 395 156
292 301 168
293 474 183
293 512 103
293 466 101
293 442 108
293 391 116
293 331 185
293 519 117
293 507 148
293 450 129
293 596 150
293 334 160
293 595 128
293 452 112
294 520 197
294 549 184
294 316 194
294 463 187
294 347 155
294 546 117
294 397 125
295 590 129
295 402 130
295 416 116
295 557 165
295 399 138
295 388 141
295 345 185
295 482 175
295 461 105
296 571 131
296 412 164
296 443 170
296 304 200
296 536 172
296 512 149
296 563 100
296 591 196
296 539 129
296 543 114
296 328 142
297 450 192
297 538 183
297 346 172
297 497 197
297 338 195
297 447 127
297 305 102
297 596 140
298 372 182
298 477 139
298 334 187
298 581 106
298 536 184
298 524 131
298 419 181
299 494 160
299 373 183
299 534 127
299 538 161
299 598 112
299 393 128
299 369 143
300 590 186
300 426 134
300 419 191
300 506 187
300 417 183
300 573 197
301 560 138
301 514 191
301 347 137
301 317 200
301 457 143
301 497 186
301 331 100
301 371 196
301 586 106
302 306 139
302 480 141
302 505 154
302 463 183
302 578 100
302 577 181
302 475 141
302 461 126
303 566 123
303 495 143
303 538 177
303 576 144
303 319 151
303 501 178
303 448 116
304 508 102
304 363 193
304 388 160
304 336 116
304 522 151
304 349 186
304 526 170
304 332 162
304 450 104
304 556 157
304 462 129
305 349 154
305 396 115
305 580 105
305 322 173
305 406 143
305 334 165
306 491 103
306 584 173
306 470 126
306 310 199
306 548 139
306 509 174
307 526 174
307 478 199
307 449 145
307 439 179
307 356 156
307 570 193
307 389 193
307 318 114
307 325 101
307 435 145
308 325 183
308 583 164
308 457 145
308 563 126
308 555 159
308 531 160
308 455 125
309 344 179
309 556 179
309 564 139
309 361 108
309 588 184
309 396 102
309 553 125
309 359 110
309 465 185
309 365 185
310 376 198
310 329 118
310 423 170
310 414 189
310 523 134
310 457 183
310 359 179
310 320 151
310 331 118
311 398 188
311 369 141
311 384 167
311 410 191
311 458 147
311 411 112
311 382 111
311 329 110
311 314 143
311 425 132
312 451 150
312 345 130
312 553 190
312 516 162
312 541 180
312 361 200
312 416 167
312 422 111
313 495 123
313 530 196
313 441 194
313 474 190
313 553 123
313 591 105
313 430 136
313 550 200
313 504 133
313 410 195
313 525 102
313 415 162
313 427 116
314 515 136
314 498 170
314 321 186
314 425 151
314 368 141
314 409 131
314 350 108
314 522 195
314 419 123
315 441 173
315 512 141
315 541 164
315 326 191
315 341 155
315 568 163
315 535 194
315 517 155
315 560 149
315 322 151
315 383 159
315 477 185
315 476 198
316 504 103
316 484 166
316 550 125
316 416 163
316 465 189
316 518 191
316 471 197
316 420 144
316 457 119
316 557 130
316 347 116
316 568 165
316 410 141
317 379 161
317 532 155
317 464 125
317 596 172
317 491 111
317 544 166
317 568 113
317 533 189
317 559 181
317 558 153
317 326 155
318 507 175
318 393 108
318 460 168
318 585 156
318 482 146
318 444 187
318 435 186
319 501 135
319 470 145
319 504 113
319 562 170
319 555 182
319 477 170
319 499 171
319 514 109
319 375 141
319 347 184
319 520 102
319 348 104
319 570 118
320 326 197
320 336 142
320 406 165
320 453 128
320 363 138
320 447 190
320 345 172
320 359 105
320 364 108
321 430 106
321 407 139
321 389 127
321 427 157
321 549 111
321 568 117
322 503 199
322 533 190
322 466 167
322 431 106
322 541 102
322 597 142
322 550 117
322 478 109
323 330 160
323 381 118
323 368 120
323 445 164
323 361 173
323 451 121
323 328 109
323 475 193
324 350 145
324 469 161
324 352 165
324 372 182
324 565 198
324 382 126
324 500 172
324 373 101
324 415 197
324 472 106
325 389 188
325 349 114
325 381 138
325 574 161
325 476 164
325 330 148
326 407 175
326 516 182
326 397 103
326 374 183
326 391 147
326 416 133
326 579 115
326 514 121
326 337 200
326 493 129
326 489 162
326 551 151
326 510 151
327 452 140
327 387 170
327 550 171
327 389 127
327 474 122
327 564 198
327 561 141
327 595 172
328 354 167
328 489 177
328 359 133
328 390 185
328 336 111
328 332 139
328 523 107
328 403 161
328 435 157
328 530 101
329 493 166
329 526 178
329 483 173
329 541 115
329 473 153
329 488 177
329 392 116
329 357 142
329 535 115
329 590 171
329 475 164
329 480 136
329 524 160
329 586 182
330 588 131
330 417 128
330 580 120
330 425 157
330 584 113
330 586 184
330 466 109
330 494 106
330 518 150
330 482 186
330 505 133
331 547 182
331 575 194
331 395 183
331 426 125
331 574 179
331 374 186
331 455 128
331 484 101
331 517 189
331 483 115
331 438 145
331 528 121
332 582 140
332 343 156
332 527 184
332 391 160
332 483 149
332 490 156
332 588 141
332 345 192
332 476 178
332 472 139
332 389 148
332 502 121
332 591 105
333 353 179
333 358 168
333 551 152
333 396 152
333 486 193
333 462 121
333 414 104
333 476 133
333 501 137
334 383 197
334 336 148
334 472 141
334 394 164
334 579 116
334 434 194
334 413 147
335 522 110
335 465 171
335 594 165
335 599 161
335 574 104
335 418 128
336 572 160
336 557 165
336 347 184
336 594 180
336 519 196
336 482 107
336 406 109
336 499 167
336 434 138
336 389 135
337 441 105
337 394 136
337 373 143
337 501 163
337 358 182
337 443 189
337 473 101
337 372 194
337 592 148
337 424 118
338 537 126
338 588 122
338 598 106
338 511 167
338 379 159
338 494 165
338 453 160
339 411 171
339 342 119
339 459 164
339 475 101
339 414 122
339 466 165
339 551 155
339 495 167
340 403 154
340 490 160
340 454 104
340 558 110
340 376 120
341 466 159
341 356 117
341 499 126
341 590 103
341 514 199
341 366 199
341 556 170
341 428 109
341 421 127
342 448 149
342 551 193
342 580 130
342 365 125
342 552 128
342 541 168
342 441 105
342 345 125
342 461 182
342 486 139
343 518 194
343 451 154
343 486 136
343 365 150
343 347 157
343 438 139
343 417 133
343 523 196
343 595 108
344 540 189
344 548 106
344 585 186
344 430 134
344 562 144
345 468 101
345 564 127
345 473 176
345 555 113
345 444 190
345 475 178
345 520 173
345 421 175
345 534 200
345 392 196
345 583 170
345 561 138
346 495 180
346 355 178
346 453 148
346 598 194
346 459 176
346 556 119
346 403 193
346 540 124
347 430 172
347 389 127
347 410 160
347 359 191
347 376 199
347 537 149
347 384 160
347 539 139
347 524 192
348 464 158
348 446 128
348 480 173
348 353 132
348 581 181
348 597 174
348 546 118
348 585 195
348 484 186
348 366 163
348 471 186
348 561 136
349 397 141
349 496 143
349 450 191
349 501 115
349 494 200
350 486 193
350 534 147
350 541 159
350 391 152
350 455 151
350 520 143
350 519 126
350 466 143
350 501 181
351 574 167
351 584 128
351 468 113
351 441 164
351 572 192
351 380 133
351 585 162
351 576 175
351 513 100
351 399 180
351 464 147
352 423 134
352 581 138
352 524 104
352 519 166
352 557 116
352 395 121
352 430 186
352 420 156
352 447 152
352 419 162
352 359 192
352 460 173
353 420 121
353 523 160
353 549 198
353 527 126
353 491 178
353 449 102
353 424 120
354 578 200
354 567 159
354 428 138
354 469 145
354 439 126
355 559 158
355 542 118
355 372 195
355 539 132
355 461 184
355 470 101
355 540 170
355 476 163
355 536 171
356 559 156
356 449 177
356 402 133
356 455 106
356 390 192
356 557 131
356 580 148
356 571 101
356 538 199
356 597 181
357 386 112
357 548 145
357 374 199
357 422 164
357 571 183
357 419 115
357 496 167
357 512 108
357 577 174
357 564 109
357 509 109
358 418 185
358 490 195
358 452 180
358 462 135
358 416 156
358 360 107
358 419 158
358 514 168
358 451 176
358 493 196
359 586 147
359 379 171
359 426 155
359 550 120
359 437 156
359 596 111
359 360 163
359 367 177
359 491 138
359 368 126
360 429 133
360 577 153
360 428 157
360 596 111
360 571 139
360 427 107
360 580 167
360 458 169
360 486 159
360 419 169
360 518 107
360 539 177
360 567 200
361 474 114
361 457 158
361 554 197
361 482 109
361 412 113
361 559 107
362 430 156
362 525 153
362 593 116
362 452 123
362 455 130
362 552 165
362 370 126
362 485 178
363 574 137
363 593 198
363 536 173
364 517 198
364 462 131
364 459 136
364 594 183
364 436 182
364 385 134
364 516 111
364 551 141
365 489 135
365 400 184
365 501 113
365 411 110
365 490 172
365 576 119
365 482 128
365 468 102
365 386 100
365 444 135
366 404 127
366 478 100
366 449 145
366 379 118
366 409 131
366 413 146
366 553 153
366 555 112
366 592 191
366 415 172
367 435 114
367 452 153
367 552 158
367 577 160
367 415 110
367 539 102
367 547 149
367 506 186
367 594 129
367 468 107
367 368 162
367 518 105
367 580 132
367 477 144
368 524 158
368 473 175
368 508 186
368 488 194
368 401 173
368 429 127
368 576 187
368 551 186
369 551 174
369 528 137
369 533 168
369 374 131
369 465 188
370 376 192
370 485 139
370 400 144
370 392 177
370 560 179
371 475 107
371 579 120
371 431 172
371 383 157
371 378 141
371 549 117
371 445 108
371 516 136
371 490 121
371 417 177
371 387 143
372 399 127
372 594 173
372 451 153
372 398 189
372 480 106
373 447 100
373 534 117
373 550 189
373 393 149
373 441 119
373 474 132
373 515 159
373 526 131
374 386 101
374 385 112
374 466 130
374 569 155
374 451 121
374 459 196
374 484 177
375 476 136
375 395 162
375 508 150
375 381 138
375 509 165
375 573 127
375 390 113
375 465 157
375 580 191
376 476 147
376 429 181
376 441 164
376 492 109
376 585 196
376 541 116
376 440 126
376 473 192
376 454 172
376 412 124
376 544 193
377 483 158
377 459 188
377 568 155
377 401 155
377 505 126
377 529 126
377 428 101
377 485 160
377 404 192
377 556 176
377 550 155
377 471 105
377 424 134
377 391 154
377 517 179
378 553 156
378 532 127
378 483 105
378 558 154
378 495 169
378 488 184
378 394 108
378 527 122
378 433 141
379 503 183
379 497 178
379 444 169
379 504 139
380 543 131
380 448 160
380 532 196
380 490 103
380 457 194
380 560 114
380 435 124
380 413 118
380 436 188
381 433 124
381 566 108
381 449 182
381 435 133
381 478 157
382 554 108
382 528 154
382 530 164
382 568 112
382 593 168
382 465 142
382 421 170
383 450 156
383 479 131
383 587 161
383 419 185
383 582 153
383 387 165
384 530 130
384 422 176
384 436 196
384 446 125
384 481 144
384 489 132
384 434 162
384 488 151
385 578 100
385 590 152
385 473 149
385 510 189
385 496 150
386 405 197
386 566 137
386 398 174
386 404 177
386 497 107
386 390 115
386 412 137
387 591 177
387 593 177
387 523 106
388 508 113
388 551 127
388 460 119
388 485 161
388 533 120
388 489 124
388 597 199
388 415 147
388 511 181
389 477 189
389 397 111
389 456 178
389 539 116
390 485 155
390 527 196
390 537 127
390 399 160
390 476 123
390 404 153
390 460 198
391 432 189
391 540 168
391 489 149
391 407 200
391 589 173
391 453 175
391 558 166
391 444 188
392 428 139
392 560 191
392 393 184
392 558 177
393 433 161
393 473 190
393 503 144
393 431 159
393 527 189
393 442 173
393 558 182
393 418 167
394 466 142
394 567 139
394 577 187
394 589 147
394 552 182
394 574 199
394 491 152
394 441 123
394 493 199
395 426 196
395 450 144
395 484 109
396 544 193
396 397 154
396 416 168
396 435 117
396 523 132
396 534 107
396 404 108
396 431 158
396 442 170
397 451 123
397 447 194
397 568 163
397 541 160
397 571 155
397 414 105
398 426 118
398 582 120
398 521 135
398 479 160
398 542 137
398 505 171
398 565 115
398 568 190
398 567 160
399 523 173
399 419 172
399 453 124
399 447 116
399 481 183
399 581 189
400 560 132
400 406 115
400 532 181
400 537 161
401 495 104
401 476 159
401 415 176
401 440 154
401 449 126
401 526 106
401 483 147
402 498 161
402 529 158
402 405 174
402 577 126
402 537 122
402 420 176
402 456 172
402 443 138
403 493 102
403 468 163
403 569 140
403 521 186
403 595 123
403 445 167
403 405 158
403 581 159
403 414 136
404 523 109
404 516 172
404 419 126
404 588 156
404 432 117
404 551 131
405 471 166
405 498 104
405 412 163
405 566 192
406 456 167
406 418 197
406 570 174
406 444 181
406 549 160
407 528 189
407 599 194
407 482 163
407 523 109
407 549 133
407 533 109
407 433 103
408 532 189
408 509 184
408 544 131
408 522 179
408 566 198
408 557 143
408 444 156
408 546 119
408 505 105
408 456 117
409 562 131
409 501 178
409 597 158
409 455 123
409 497 171
409 472 115
409 432 156
410 593 127
410 545 151
410 465 113
410 440 181
410 434 104
410 429 113
410 523 191
410 438 146
411 429 128
411 518 145
411 436 171
411 421 132
411 544 117
411 543 153
411 546 132
411 595 100
411 594 149
411 524 194
411 419 186
411 474 168
411 486 130
411 463 145
412 560 166
412 583 177
412 491 130
412 573 179
412 480 179
412 490 146
413 458 160
413 437 150
413 462 107
413 563 125
413 570 153
413 544 112
413 440 114
413 562 185
414 556 150
414 579 163
414 438 198
414 465 127
415 478 145
415 422 167
415 477 128
415 532 179
415 598 184
416 454 176
416 419 150
416 483 151
416 481 158
416 460 126
416 425 118
417 576 167
417 470 172
417 524 174
417 478 109
417 566 182
418 560 142
418 427 102
418 547 192
418 434 171
418 484 187
418 528 124
418 462 159
419 443 168
419 509 181
419 540 165
419 445 135
419 438 155
420 468 137
420 544 189
420 435 200
420 438 127
420 474 153
420 470 139
420 426 132
421 573 161
421 424 139
421 579 179
421 458 112
421 441 190
421 564 197
421 547 118
421 478 131
422 534 180
422 598 116
422 432 200
422 502 111
423 441 180
423 596 112
423 559 197
423 500 106
423 514 169
423 465 182
423 468 118
424 532 158
424 478 104
424 593 138
424 524 180
424 480 161
425 458 198
425 556 185
425 574 142
425 448 137
425 527 117
426 502 161
426 533 146
426 508 167
426 522 187
426 498 123
426 520 194
427 548 166
427 462 106
427 431 124
427 564 127
427 464 157
427 475 184
428 480 176
428 578 157
428 462 125
428 514 132
428 508 103
429 571 102
429 455 113
429 558 122
429 452 152
429 534 147
429 526 184
429 544 180
430 487 146
431 568 178
431 483 109
431 452 116
432 571 152
432 435 161
432 598 189
432 569 165
433 465 163
433 532 129
433 541 130
433 542 181
433 596 105
433 470 163
434 517 198
434 456 150
434 442 195
434 516 189
434 454 144
434 524 111
434 597 191
434 550 190
434 497 116
434 580 103
435 584 153
435 441 130
435 503 135
435 436 111
435 445 157
435 536 144
436 445 197
436 478 124
436 506 173
436 477 152
436 473 190
436 479 126
436 459 188
436 598 185
436 566 107
436 527 115
437 587 181
438 461 191
438 558 197
438 556 116
438 567 157
438 484 102
438 598 170
439 586 105
439 440 183
439 489 167
439 447 172
439 570 196
439 481 142
440 567 116
440 525 172
441 452 145
441 539 105
441 560 187
441 501 108
442 445 153
442 454 179
442 544 168
442 540 145
442 598 147
442 582 168
442 551 150
442 500 191
443 509 149
443 455 200
443 515 161
444 541 112
444 559 114
444 594 121
444 500 111
444 522 178
444 548 143
444 473 142
444 542 177
445 541 174
445 509 166
445 495 168
445 456 166
445 557 107
446 515 141
446 539 133
446 526 112
446 472 128
447 494 144
447 477 143
447 572 198
448 532 105
448 547 186
448 566 115
448 491 194
448 471 112
448 585 122
448 482 116
448 579 182
449 504 169
450 507 101
450 464 152
451 577 158
451 458 158
451 532 197
451 478 165
451 493 142
452 553 144
452 505 108
452 514 200
452 479 170
452 526 183
452 504 182
452 564 128
452 590 157
453 552 155
453 479 199
453 595 146
453 493 110
454 542 122
454 558 171
454 562 185
454 479 159
454 468 110
454 526 140
455 599 115
455 580 141
455 514 153
455 584 136
456 542 138
456 484 143
456 533 153
456 505 102
456 547 172
456 492 148
456 567 158
457 560 186
457 506 112
457 521 148
457 481 141
457 526 173
457 592 138
457 493 191
457 572 115
458 502 195
458 459 151
458 480 199
458 569 119
458 501 122
458 581 155
459 508 132
459 581 191
459 550 163
459 554 157
459 511 133
460 513 156
460 507 118
460 534 171
460 476 181
461 551 184
461 464 171
461 593 137
461 565 142
462 498 195
462 512 198
462 493 159
462 484 177
463 471 119
463 542 168
463 533 168
463 538 122
463 488 140
463 559 192
464 509 105
464 597 102
464 496 156
464 552 152
464 592 129
464 510 160
465 584 154
465 533 118
465 546 122
466 570 178
466 562 167
466 597 154
466 541 149
466 576 163
466 506 172
466 587 117
466 476 126
467 586 165
467 517 192
467 526 133
467 585 131
467 541 167
468 522 126
468 580 175
468 536 198
468 557 172
468 495 113
469 590 143
469 522 175
469 585 152
469 482 150
469 475 188
470 512 115
470 513 103
470 556 182
470 503 143
470 529 130
470 591 198
471 599 171
471 516 142
471 566 182
471 579 139
471 573 101
471 507 104
471 537 173
472 567 180
472 577 154
472 566 158
473 499 139
473 495 148
473 481 200
473 579 181
473 573 160
474 559 120
475 569 128
476 526 168
476 503 104
477 526 119
477 492 189
477 564 150
477 479 107
477 547 107
477 556 116
477 504 123
477 541 197
478 504 109
478 567 186
479 577 135
480 482 112
480 580 154
480 515 114
480 545 157
481 567 186
481 506 100
481 501 115
482 533 139
482 568 116
482 572 196
482 585 117
482 504 163
482 574 161
483 492 171
483 550 101
483 557 190
483 521 155
483 572 194
484 523 178
485 499 185
485 517 199
485 535 101
485 590 174
486 537 101
486 532 105
486 559 168
487 579 138
487 538 150
487 499 117
488 493 119
488 510 176
488 591 149
488 532 184
489 567 149
489 521 123
489 559 178
489 591 142
489 586 174
489 513 175
489 584 151
490 517 123
490 553 163
490 591 134
490 544 199
490 569 187
491 529 185
491 560 134
492 587 154
492 535 176
493 526 182
494 585 116
494 552 190
494 597 125
494 570 173
494 527 125
494 519 121
495 516 138
495 521 126
496 597 148
497 500 164
497 537 175
497 515 171
498 553 177
499 589 189
499 564 116
499 591 150
499 587 165
499 573 165
499 572 118
499 508 104
500 568 103
500 527 109
500 509 150
500 554 136
501 569 153
501 570 116
501 517 160
502 518 152
502 582 185
502 506 144
502 538 116
502 564 190
503 597 160
503 585 109
503 542 174
503 548 122
503 549 142
504 542 108
504 585 134
504 539 158
504 598 118
505 538 143
505 508 187
505 588 158
505 574 136
505 542 200
505 513 144
505 514 143
505 555 195
506 541 128
506 562 192
506 588 117
506 522 142
506 593 143
506 533 121
507 530 128
507 515 172
507 511 147
507 565 185
507 567 175
507 589 194
508 592 115
508 514 145
508 583 152
508 577 100
510 526 133
510 539 145
510 536 175
511 591 193
511 582 138
511 575 137
511 571 156
511 598 102
512 546 167
512 521 169
512 586 160
512 549 127
513 539 102
513 546 128
513 527 196
513 535 147
515 538 199
515 574 174
515 560 128
515 565 148
515 539 115
515 551 114
516 566 144
517 526 134
518 577 182
518 567 178
518 534 108
518 533 111
519 561 168
520 565 153
520 581 119
521 522 169
521 554 104
522 588 101
522 577 112
522 544 153
522 596 145
523 589 153
523 529 124
523 555 186
524 529 175
524 566 141
525 546 151
525 579 130
527 566 156
527 598 156
527 544 160
529 570 145
529 551 162
530 570 188
530 531 104
531 596 133
532 541 108
532 599 195
533 592 174
533 543 128
533 573 142
534 577 173
534 573 124
535 548 135
535 576 134
535 568 100
537 583 103
537 564 197
537 569 109
537 566 124
538 586 103
539 570 152
541 554 132
541 555 179
541 571 179
541 586 180
542 576 111
543 574 146
543 586 153
544 561 180
545 589 103
548 555 185
548 559 187
549 551 151
550 590 134
551 595 179
552 588 194
552 581 128
553 558 198
553 581 195
555 568 124
556 564 130
556 573 194
556 596 188
558 561 104
559 562 159
560 567 158
560 593 200
561 593 119
561 568 176
562 599 138
563 578 181
563 582 185
563 589 105
564 598 104
567 578 200
567 576 133
568 594 166
568 582 170
568 587 111
568 581 150
568 595 153
569 594 152
570 589 114
570 587 146
571 593 200
571 592 131
571 583 115
572 596 156
573 578 176
575 577 146
575 590 189
576 585 118
580 599 175
581 585 144
583 598 138
583 594 134
585 589 127
589 592 153
100
326 159 528 119 475 333 255 160 17 563 469 552 521 575 585 516 224 157 539 64 212 300 386 515 61 198 265 519 121 45 314 597 432 341 356 478 99 109 473 446 424 231 497 163 150 14 387 77 512 214 25 170 137 197 466 80 30 547 572 454 375 34 509 62 297 28 394 156 207 401 253 142 444 566 305 346 476 542 586 178 66 68 29 351 101 18 343 320 220 591 323 133 84 312 582 83 139 164 427 173
