150 190
0 1 18
1 2 11
1 29 11
2 3 20
3 4 17
4 5 19
5 6 10
5 49 16
6 7 20
7 8 19
7 141 14
8 9 20
9 10 20
9 30 15
9 25 12
10 11 12
11 12 17
11 116 10
11 114 19
11 39 16
11 122 17
12 13 12
13 14 20
14 15 19
15 16 11
16 17 20
16 136 17
17 18 20
17 66 18
18 19 18
19 20 15
19 107 13
20 21 10
21 22 11
22 23 16
23 24 13
23 65 16
23 76 19
24 25 10
24 95 17
25 26 15
25 108 17
25 27 10
26 27 18
26 143 10
27 28 19
28 29 17
28 63 18
29 30 10
29 127 20
30 31 20
31 32 10
32 33 11
33 34 12
33 132 16
33 45 12
34 35 11
35 36 13
36 37 13
37 38 11
38 39 13
39 40 17
40 41 11
41 42 14
42 43 19
42 140 13
43 44 17
43 146 11
43 57 11
44 45 13
45 46 14
46 47 18
47 48 19
48 49 19
49 50 16
50 51 16
51 52 20
51 128 20
52 53 16
53 54 17
53 95 17
54 55 17
55 56 12
56 57 14
57 58 19
58 59 13
58 148 10
59 60 16
60 61 13
61 62 19
62 63 11
62 118 12
63 64 16
63 98 15
64 65 17
65 66 12
66 67 19
66 144 16
66 77 13
67 68 20
68 69 13
69 70 16
70 71 18
71 72 17
72 73 13
73 74 14
74 75 20
75 76 10
75 134 20
76 77 17
77 78 19
78 79 16
79 80 13
79 141 20
80 81 18
81 82 13
82 83 18
82 119 12
83 84 20
84 85 10
85 86 13
86 87 20
87 88 10
88 89 13
88 90 18
89 90 16
90 91 14
91 92 19
91 136 13
92 93 18
93 94 12
94 95 15
95 96 18
96 97 19
97 98 16
98 99 18
99 100 16
100 101 12
101 102 13
102 103 11
103 104 18
104 105 10
105 106 14
106 107 11
107 108 10
108 109 19
109 110 11
110 111 12
111 112 19
112 113 19
113 114 20
114 115 17
115 116 14
116 117 17
116 145 18
117 118 19
118 119 17
119 120 11
120 121 18
121 122 17
122 123 19
122 134 15
123 124 19
124 125 20
124 126 12
125 126 14
126 127 11
127 128 11
128 129 12
129 130 16
130 131 20
131 132 16
132 133 19
133 134 14
134 135 16
135 136 12
136 137 17
137 138 15
138 139 11
139 140 14
140 141 11
141 142 17
142 143 15
142 146 16
143 144 19
144 145 13
145 146 11
146 147 13
147 148 16
148 149 13
10
105 132 86 66 64 1 89 3 144 34
